01 00 00 00 60 00 45 00 44 00 46 00 20 00 4c 00
69 00 6e 00 75 00 78 00 20 00 4d 00 4d 00 43 00
00 00 04 01 2a 00 01 00 00 00 40 00 00 00 00 00
00 00 00 00 10 00 00 00 00 00 3e 20 3c bf 5a 43
f6 48 bd fe d7 29 c5 31 49 1b 02 02 04 04 32 00
5c 00 45 00 46 00 49 00 5c 00 42 00 4f 00 4f 00
54 00 5c 00 62 00 6f 00 6f 00 74 00 61 00 61 00
36 00 34 00 2e 00 65 00 66 00 69 00 00 00 7f ff
04 00 63 00 6f 00 6e 00 73 00 6f 00 6c 00 65 00
3d 00 74 00 74 00 79 00 41 00 4d 00 41 00 30 00
20 00 65 00 61 00 72 00 6c 00 79 00 63 00 6f 00
6e 00 3d 00 70 00 6c 00 30 00 31 00 31 00 2c 00
6d 00 6d 00 69 00 6f 00 33 00 32 00 2c 00 30 00
78 00 46 00 46 00 30 00 30 00 30 00 30 00 30 00
30 00 2c 00 31 00 31 00 35 00 32 00 30 00 30 00
6e 00 38 00 20 00 72 00 6f 00 6f 00 74 00 3d 00
50 00 41 00 52 00 54 00 55 00 55 00 49 00 44 00
3d 00 33 00 63 00 36 00 38 00 66 00 36 00 64 00
39 00 2d 00 30 00 31 00 33 00 32 00 2d 00 34 00
38 00 65 00 65 00 2d 00 61 00 37 00 33 00 39 00
2d 00 36 00 33 00 30 00 32 00 65 00 33 00 63 00
61 00 36 00 65 00 66 00 34 00 20 00 72 00 6f 00
20 00 72 00 6f 00 6f 00 74 00 77 00 61 00 69 00
74 00 20 00 75 00 69 00 6f 00 5f 00 70 00 64 00
72 00 76 00 5f 00 67 00 65 00 6e 00 69 00 72 00
71 00 2e 00 6f 00 66 00 5f 00 69 00 64 00 3d 00
67 00 65 00 6e 00 65 00 72 00 69 00 63 00 2d 00
75 00 69 00 6f 00 00 00
